No.	Flow rate / m3·s-1
1 	6520.02 
2 	5880.00 
3 	5604.00 
4 	5550.00 
5 	5376.00 
6 	5664.00 
7 	5472.00 
8 	5412.00 
9 	5604.00 
10 	5400.00 
11 	5316.00 
12 	5454.00 
13 	5280.00 
14 	4158.00 
15 	4572.00 
16 	4608.00 
17 	5022.00 
18 	5136.00 
19 	4842.00 
20 	4938.00 
21 	4908.00 
22 	4992.00 
23 	5166.00 
24 	5286.00 
25 	5505.00 
26 	5724.00 
27 	4902.00 
28 	5178.00 
29 	4182.00 
30 	3414.00 
31 	3906.00 
32 	4656.00 
33 	5178.00 
34 	5220.00 
35 	5262.00 
36 	5304.00 
37 	5346.00 
38 	5388.00 
39 	5400.00 
40 	5358.00 
41 	5562.00 
42 	5808.00 
43 	5808.00 
44 	6300.00 
45 	5970.00 
46 	6120.00 
47 	6360.00 
48 	6480.00 
49 	6660.00 
50 	6720.00 
51 	6780.00 
52 	6720.00 
53 	6840.00 
54 	6900.00 
55 	7080.00 
56 	7440.00 
57 	7440.00 
58 	7500.00 
59 	7380.00 
60 	7320.00 
61 	7380.00 
62 	7320.00 
63 	7140.00 
64 	6900.00 
65 	6780.00 
66 	5880.00 
67 	5604.00 
68 	5550.00 
69 	5376.00 
70 	5664.00 
71 	5472.00 
72 	5412.00 
73 	5604.00 
74 	5400.00 
75 	5316.00 
76 	5454.00 
77 	5280.00 
78 	4158.00 
79 	4572.00 
80 	4608.00 
81 	5022.00 
82 	5136.00 
83 	4842.00 
84 	4938.00 
85 	4986.00 
86 	5124.00 
87 	5322.00 
88 	5136.00 
89 	4968.00 
90 	5166.00 
91 	5922.00 
92 	6081.00 
93 	6240.00 
94 	5586.00 
95 	5766.00 
96 	6120.00 
97 	5748.00 
98 	6180.00 
99 	6480.00 
100 	6900.00 
101 	7140.00 
102 	7560.00 
103 	7740.00 
104 	7860.00 
105 	7800.00 
106 	7800.00 
107 	7740.00 
108 	7740.00 
109 	7740.00 
110 	7860.00 
111 	7380.00 
112 	7020.00 
113 	6960.00 
114 	5460.00 
115 	6540.00 
116 	6810.00 
117 	7080.00 
118 	7020.00 
119 	7004.00 
120 	6988.00 
121 	6972.00 
122 	6956.00 
123 	6940.00 
124 	6924.00 
125 	6900.00 
126 	5244.00 
127 	4068.00 
128 	3774.00 
129 	3774.00 
130 	3774.00 
131 	3774.00 
132 	3774.00 
133 	3030.00 
134 	3588.00 
135 	3804.00 
136 	3948.00 
137 	4506.00 
138 	4656.00 
139 	4674.00 
140 	4095.00 
141 	3516.00 
142 	4944.00 
143 	4962.00 
144 	4488.00 
145 	4860.00 
146 	5028.00 
147 	5172.00 
148 	5316.00 
149 	5442.00 
150 	5934.00 
151 	5442.00 
152 	5106.00 
153 	5340.00 
154 	5520.00 
155 	5490.00 
156 	5760.00 
157 	6420.00 
158 	6240.00 
159 	6120.00 
160 	5916.00 
161 	6240.00 
162 	6060.00 
163 	5040.00 
164 	3756.00 
165 	8220.00 
166 	7980.00 
167 	7680.00 
168 	7200.00 
169 	6660.00 
170 	6660.00 
171 	6300.00 
172 	6600.00 
173 	6120.00 
174 	5916.00 
175 	5718.00 
176 	5310.00 
177 	5028.00 
178 	5214.00 
179 	5412.00 
180 	4686.00 
181 	5268.00 
182 	4494.00 
183 	4290.00 
184 	4134.00 
185 	4476.00 
186 	4458.00 
187 	4440.00 
188 	4098.00 
189 	4158.00 
190 	4008.00 
191 	4074.00 
192 	4488.00 
193 	4650.00 
194 	4560.00 
195 	4500.00 
196 	4830.00 
197 	4530.00 
198 	4680.00 
199 	5070.00 
200 	5718.00 
201 	5682.00 
202 	5862.00 
203 	5982.00 
204 	6051.00 
205 	6120.00 
206 	6120.00 
207 	6300.00 
208 	6480.00 
209 	6600.00 
210 	6660.00 
211 	6720.00 
212 	6780.00 
213 	6720.00 
214 	6840.00 
215 	6900.00 
216 	7080.00 
217 	7440.00 
218 	7440.00 
219 	7500.00 
220 	7380.00 
221 	7320.00 
222 	7380.00 
223 	7320.00 
224 	7140.00 
225 	6900.00 
226 	6780.00 
227 	5880.00 
228 	5604.00 
229 	5550.00 
230 	5376.00 
231 	5664.00 
232 	5472.00 
233 	5412.00 
234 	5604.00 
235 	5400.00 
236 	5316.00 
237 	5454.00 
238 	5280.00 
239 	4158.00 
240 	4572.00 
241 	4608.00 
242 	5022.00 
243 	5136.00 
244 	4842.00 
245 	4938.00 
246 	4986.00 
247 	5124.00 
248 	5322.00 
249 	5136.00 
250 	4968.00 
251 	5166.00 
252 	5922.00 
253 	6081.00 
254 	6240.00 
255 	5586.00 
256 	5766.00 
257 	6120.00 
258 	5748.00 
259 	6180.00 
260 	6480.00 
261 	4938.00 
262 	5184.00 
263 	3918.00 
264 	4809.00 
265 	5700.00 
266 	8220.00 
267 	8580.00 
268 	8340.00 
269 	8280.00 
270 	6093.00 
271 	3906.00 
272 	4656.00 
273 	5178.00 
274 	4602.00 
275 	5190.00 
276 	5322.00 
277 	4878.00 
278 	4998.00 
279 	5400.00 
280 	5358.00 
281 	5562.00 
282 	5808.00 
283 	5808.00 
284 	6300.00 
285 	5970.00 
286 	6120.00 
287 	6360.00 
288 	6480.00 
289 	6660.00 
290 	6720.00 
291 	6780.00 
292 	6720.00 
293 	6840.00 
294 	6900.00 
295 	7080.00 
296 	7440.00 
297 	7440.00 
298 	7500.00 
299 	7495.00 
300 	7477.50 
301 	7455.00 
302 	7432.50 
303 	7410.00 
304 	7387.50 
305 	7365.00 
306 	7342.50 
307 	7320.00 
308 	7297.50 
309 	7275.00 
310 	7252.50 
311 	7230.00 
312 	7207.50 
313 	7185.00 
314 	7162.50 
315 	7140.00 
316 	6960.00 
317 	6360.00 
318 	6180.00 
319 	6120.00 
320 	4182.00 
321 	3414.00 
322 	3906.00 
323 	4656.00 
324 	5178.00 
325 	4602.00 
326 	5190.00 
327 	5322.00 
328 	4878.00 
329 	4998.00 
330 	5400.00 
331 	5358.00 
332 	5562.00 
333 	5808.00 
334 	5808.00 
335 	6300.00 
336 	5970.00 
337 	6120.00 
338 	6360.00 
339 	6480.00 
340 	6660.00 
341 	6720.00 
342 	6780.00 
343 	6720.00 
344 	6840.00 
345 	6900.00 
346 	7080.00 
347 	7440.00 
348 	7440.00 
349 	7500.00 
350 	7380.00 
351 	7320.00 
352 	7380.00 
353 	7320.00 
354 	7140.00 
355 	6900.00 
356 	6780.00 
357 	5880.00 
358 	5604.00 
359 	5550.00 
360 	5376.00 
